Date	B.1	B.1.36	B.1.1.7	B.1.617.1	B.1.617.2	Others	Total
2020-11-01	       0	       0	       0	       0	       0	       0	0
2020-11-02	       4	       2	       0	       0	       0	       1	7
2020-11-03	       5	       6	       0	       0	       0	       4	15
2020-11-04	       0	       0	       0	       0	       0	       0	0
2020-11-05	       0	       0	       0	       0	       0	       0	0
2020-11-06	       0	       0	       0	       0	       0	       0	0
2020-11-07	       0	       0	       0	       0	       0	       0	0
2020-11-08	       0	       0	       0	       0	       0	       0	0
2020-11-09	       0	       0	       0	       0	       0	       0	0
2020-11-10	       0	       0	       0	       0	       0	       0	0
2020-11-11	       3	       5	       0	       0	       0	       7	15
2020-11-12	       0	       0	       0	       0	       0	       0	0
2020-11-13	       0	       0	       0	       0	       0	       0	0
2020-11-14	       0	       0	       0	       0	       0	       0	0
2020-11-15	       0	       0	       0	       0	       0	       0	0
2020-11-16	       0	       0	       0	       0	       0	       0	0
2020-11-17	       0	       0	       0	       0	       0	       0	0
2020-11-18	       0	       0	       0	       0	       0	       0	0
2020-11-19	       0	       0	       0	       0	       0	       0	0
2020-11-20	       0	       0	       0	       0	       0	       0	0
2020-11-21	       0	       0	       0	       0	       0	       0	0
2020-11-22	       0	       0	       0	       0	       0	       0	0
2020-11-23	       0	       0	       0	       0	       0	       0	0
2020-11-24	       0	       0	       0	       0	       0	       0	0
2020-11-25	       0	       0	       0	       0	       0	       0	0
2020-11-26	       0	       0	       0	       0	       0	       0	0
2020-11-27	       0	       0	       0	       0	       0	       0	0
2020-11-28	       0	       0	       0	       0	       0	       0	0
2020-11-29	       0	       0	       0	       0	       0	       0	0
2020-11-30	       0	       0	       0	       0	       0	       0	0
2020-12-01	       0	       0	       0	       0	       0	       0	0
2020-12-02	       0	       0	       0	       0	       0	       0	0
2020-12-03	       0	       0	       0	       0	       0	       0	0
2020-12-04	       0	       0	       0	       0	       0	       0	0
2020-12-05	       0	       0	       0	       0	       0	       0	0
2020-12-06	       0	       0	       0	       0	       0	       0	0
2020-12-07	       0	       0	       0	       0	       0	       0	0
2020-12-08	      14	       3	       0	       0	       0	       4	21
2020-12-09	       0	       0	       0	       0	       0	       0	0
2020-12-10	       0	       0	       0	       0	       0	       0	0
2020-12-11	       0	       0	       0	       0	       0	       0	0
2020-12-12	       0	       0	       0	       0	       0	       0	0
2020-12-13	       0	       0	       0	       0	       0	       0	0
2020-12-14	       0	       0	       0	       0	       0	       0	0
2020-12-15	       6	       2	       0	       0	       0	       9	17
2020-12-16	       2	       6	       0	       0	       0	       0	8
2020-12-17	       8	       3	       0	       0	       0	       5	16
2020-12-18	       0	       0	       0	       0	       0	       0	0
2020-12-19	       1	       0	       0	       0	       0	       0	1
2020-12-20	       0	       0	       0	       0	       0	       0	0
2020-12-21	       0	       0	       0	       0	       0	       1	1
2020-12-22	       0	       0	       0	       0	       0	       0	0
2020-12-23	       0	       0	       0	       0	       0	       0	0
2020-12-24	       0	       0	       1	       0	       0	       0	1
2020-12-25	       0	       0	       0	       0	       0	       0	0
2020-12-26	       0	       0	       0	       0	       0	       0	0
2020-12-27	       0	       0	       0	       0	       0	       0	0
2020-12-28	       0	       0	       0	       0	       0	       0	0
2020-12-29	       0	       0	       0	       0	       0	       0	0
2020-12-30	       0	       0	       0	       0	       0	       0	0
2020-12-31	       0	       0	       0	       0	       0	       0	0
2021-01-01	       0	       0	       0	       0	       0	       0	0
2021-01-02	       0	       0	       0	       0	       0	       0	0
2021-01-03	       0	       0	       0	       0	       0	       0	0
2021-01-04	       0	       0	       0	       0	       0	       0	0
2021-01-05	       0	       0	       0	       0	       0	       0	0
2021-01-06	       0	       0	       0	       0	       0	       0	0
2021-01-07	       0	       0	       0	       0	       0	       0	0
2021-01-08	       0	       0	       0	       0	       0	       0	0
2021-01-09	       0	       0	       0	       0	       0	       0	0
2021-01-10	       0	       0	       0	       0	       0	       0	0
2021-01-11	       0	       0	       0	       0	       0	       0	0
2021-01-12	       0	       0	       0	       0	       0	       0	0
2021-01-13	       0	       0	       0	       0	       0	       0	0
2021-01-14	       0	       0	       0	       0	       0	       0	0
2021-01-15	       0	       0	       0	       0	       0	       0	0
2021-01-16	       0	       0	       0	       0	       0	       0	0
2021-01-17	       0	       0	       0	       0	       0	       0	0
2021-01-18	       0	       0	       0	       0	       0	       0	0
2021-01-19	       0	       0	       0	       0	       0	       0	0
2021-01-20	       0	       0	       0	       0	       0	       0	0
2021-01-21	       0	       0	       0	       0	       0	       0	0
2021-01-22	       0	       0	       0	       0	       0	       0	0
2021-01-23	       0	       0	       0	       0	       0	       0	0
2021-01-24	       0	       0	       0	       0	       0	       0	0
2021-01-25	       0	       0	       0	       0	       0	       0	0
2021-01-26	       0	       0	       0	       0	       0	       0	0
2021-01-27	       0	       0	       0	       0	       0	       3	3
2021-01-28	       0	       0	       0	       0	       0	       0	0
2021-01-29	       0	       0	       0	       0	       0	       0	0
2021-01-30	       0	       0	       0	       0	       0	       0	0
2021-01-31	       0	       1	       0	       0	       0	       0	1
2021-02-01	       0	       0	       2	       0	      10	       1	13
2021-02-02	       0	       0	       2	       0	       0	       1	3
2021-02-03	       0	       0	       0	       0	       0	       2	2
2021-02-04	       0	       0	       0	       0	       0	       1	1
2021-02-05	       0	       0	       0	       0	       0	       0	0
2021-02-06	       0	       0	       0	       0	       0	       1	1
2021-02-07	       0	       0	       0	       0	       0	       0	0
2021-02-08	       0	       0	       0	       0	       0	       0	0
2021-02-09	       0	       0	       0	       0	       0	       0	0
2021-02-10	       0	       0	       0	       0	       0	       2	2
2021-02-11	       0	       0	       0	       0	       0	       2	2
2021-02-12	       0	       0	       0	       0	       0	       0	0
2021-02-13	       0	       0	       1	       0	       0	       0	1
2021-02-14	       0	       0	       0	       0	       0	       0	0
2021-02-15	       0	       0	       0	       0	       0	       1	1
2021-02-16	       0	       0	       0	       0	       0	       1	1
2021-02-17	       0	       0	       0	       0	       0	       1	1
2021-02-18	       0	       0	       0	       0	       0	       1	1
2021-02-19	       1	       1	       1	       0	       0	       0	3
2021-02-20	       0	       0	       2	       0	       0	       1	3
2021-02-21	       0	       1	       0	       0	       0	       1	2
2021-02-22	       0	       0	       0	       0	       0	       0	0
2021-02-23	       0	       0	       0	       0	       0	       0	0
2021-02-24	       0	       0	       1	       0	       0	       1	2
2021-02-25	       0	       0	       2	       0	       0	       2	4
2021-02-26	       0	       0	       0	       0	       0	       3	3
2021-02-27	       2	       0	       2	       0	       0	       2	6
2021-02-28	       2	       0	       0	       0	       0	       1	3
2021-03-01	       1	       0	       6	       0	       1	       1	9
2021-03-02	       0	       0	       0	       0	       0	       2	2
2021-03-03	       1	       1	       0	       0	       0	       5	7
2021-03-04	       0	       0	       0	       0	       0	       2	2
2021-03-05	       1	       0	       1	       0	       0	       0	2
2021-03-06	       0	       0	       1	       0	       0	       1	2
2021-03-07	       0	       0	       0	       0	       0	       2	2
2021-03-08	       0	       0	       1	       0	       0	       2	3
2021-03-09	       1	       0	       3	       0	       0	       2	6
2021-03-10	       0	       0	       0	       0	       0	       2	2
2021-03-11	       0	       0	       1	       0	       0	       2	3
2021-03-12	       0	       0	       3	       0	       0	       1	4
2021-03-13	       1	       0	       1	       0	       0	       2	4
2021-03-14	       0	       0	       0	       0	       0	       2	2
2021-03-15	       0	       0	       4	       1	       0	       0	5
2021-03-16	       0	       0	       3	       0	       4	       0	7
2021-03-17	       0	       0	       0	       0	       2	       1	3
2021-03-18	       0	       0	       0	       0	       0	       0	0
2021-03-19	       0	       0	       0	       0	       0	       0	0
2021-03-20	       0	       0	       2	       0	       0	       0	2
2021-03-21	       0	       0	       1	       0	       0	       0	1
2021-03-22	       0	       0	       0	       0	       0	       0	0
2021-03-23	       0	       0	       1	       0	       0	       0	1
2021-03-24	       0	       0	       0	       0	       0	       1	1
2021-03-25	       0	       0	       4	       2	       0	       0	6
2021-03-26	       0	       0	       4	       2	       0	       1	7
2021-03-27	       0	       0	       6	       1	       0	       0	7
2021-03-28	       0	       0	       4	       0	       0	       1	5
2021-03-29	       0	       0	       2	       0	       0	       0	2
2021-03-30	       0	       0	      24	       0	       0	       1	25
2021-03-31	       2	       1	      14	       1	       0	       3	21
2021-04-01	       1	       0	      20	       1	       2	       4	28
2021-04-02	       1	       0	      10	       1	       2	       4	18
2021-04-03	       0	       0	       7	       0	       2	       1	10
2021-04-04	       0	       0	       7	       1	       1	       0	9
2021-04-05	       0	       0	      12	       2	       0	       3	17
2021-04-06	       0	       0	       7	       0	       2	       3	12
2021-04-07	       3	       0	      35	      20	      11	      11	80
2021-04-08	       0	       0	      11	       2	       2	       2	17
2021-04-09	       0	       0	       9	       2	       2	       2	15
2021-04-10	       0	       0	      23	       3	      14	       2	42
2021-04-11	       0	       0	      11	       1	       8	       1	21
2021-04-12	       3	       0	      11	       3	       3	       5	25
2021-04-13	       1	       0	      18	      15	      17	       4	55
2021-04-14	       0	       0	       6	       1	       8	       6	21
2021-04-15	       0	       0	       3	       0	       2	       1	6
2021-04-16	       1	       0	      14	       2	       9	       3	29
2021-04-17	       0	       0	       0	       0	       0	       0	0
2021-04-18	       0	       1	      17	       2	      12	       4	36
2021-04-19	       0	       0	       1	       0	       1	       2	4
2021-04-20	       0	       0	       4	       1	       5	       1	11
2021-04-21	       0	       0	       0	       0	       0	       0	0
2021-04-22	       0	       0	       1	       0	       7	       0	8
2021-04-23	       0	       0	       2	       0	       0	       0	2
2021-04-24	       0	       0	       2	       0	       1	       0	3
2021-04-25	       0	       0	       0	       0	       0	       0	0
2021-04-26	       0	       0	       0	       0	       1	       0	1
2021-04-27	       3	       0	       1	       6	      34	       4	48
2021-04-28	       4	       0	      11	      21	     147	      20	203
2021-04-29	       1	       0	       9	       3	      47	       2	62
2021-04-30	       1	       0	      15	       6	      66	       7	95
2021-05-01	       2	       0	      24	       4	      26	       2	58
2021-05-02	       0	       0	       0	       0	      18	       0	18
2021-05-03	       0	       0	       0	       0	       0	       0	0
2021-05-04	       0	       0	       0	       0	       3	       0	3
2021-05-05	       0	       0	       1	       0	       2	       0	3
2021-05-06	       0	       0	       0	       0	       4	       1	5
2021-05-07	       0	       0	       0	       0	       5	       0	5
2021-05-08	       0	       0	       0	       0	       0	       0	0
2021-05-09	       0	       0	       1	       0	       0	       0	1
2021-05-10	       0	       0	       0	       0	       8	       0	8
2021-05-11	       0	       0	       0	       0	      10	       0	10
2021-05-12	       0	       0	       0	       0	       3	       0	3
2021-05-13	       0	       0	       0	       0	       3	       0	3
2021-05-14	       0	       0	       0	       0	       8	       0	8
2021-05-15	       0	       0	       0	       0	       8	       2	10
2021-05-16	       0	       0	       0	       0	       4	       1	5
2021-05-17	       0	       0	       0	       0	       5	       1	6
2021-05-18	       0	       0	       0	       0	       1	       0	1
2021-05-19	       0	       0	       0	       0	       0	       0	0
2021-05-20	       0	       0	       0	       0	       0	       0	0
2021-05-21	       0	       0	       0	       0	       5	       0	5
2021-05-22	       0	       0	       0	       0	       1	       1	2
2021-05-23	       0	       0	       0	       0	       2	       1	3
2021-05-24	       0	       0	       0	       0	       1	       0	1
2021-05-25	       0	       0	       0	       0	       0	       0	0
2021-05-26	       0	       0	       0	       0	       0	       0	0
2021-05-27	       0	       0	       0	       0	       2	       3	5
2021-05-28	       0	       0	       0	       0	       0	       0	0
2021-05-29	       0	       0	       0	       0	       0	       0	0
2021-05-30	       0	       0	       0	       0	       0	       0	0
2021-05-31	       0	       0	       0	       0	       0	       0	0
2021-06-01	       0	       0	       0	       0	       0	       0	0
2021-06-02	       0	       0	       0	       0	       0	       0	0
2021-06-03	       0	       0	       0	       0	       0	       0	0
2021-06-04	       0	       0	       0	       0	       0	       0	0
2021-06-05	       0	       0	       0	       0	       0	       0	0
2021-06-06	       0	       0	       0	       0	       0	       0	0
2021-06-07	       0	       0	       0	       0	       0	       0	0
2021-06-08	       0	       0	       0	       0	       0	       0	0
2021-06-09	       0	       0	       0	       0	       0	       0	0
2021-06-10	       0	       0	       0	       0	       0	       0	0
2021-06-11	       0	       0	       0	       0	       0	       0	0
2021-06-12	       0	       0	       0	       0	       0	       0	0
2021-06-13	       0	       0	       0	       0	       0	       0	0
2021-06-14	       0	       0	       0	       0	       0	       0	0
2021-06-15	       0	       0	       0	       0	       0	       0	0
2021-06-16	       0	       0	       0	       0	       0	       0	0
2021-06-17	       0	       0	       0	       0	       0	       0	0
2021-06-18	       0	       0	       0	       0	       0	       0	0
2021-06-19	       0	       0	       0	       0	       0	       0	0
2021-06-20	       0	       0	       0	       0	       0	       0	0
2021-06-21	       0	       0	       0	       0	       0	       0	0
2021-06-22	       0	       0	       0	       0	       0	       0	0
2021-06-23	       0	       0	       0	       0	       0	       0	0
2021-06-24	       0	       0	       0	       0	       0	       0	0
2021-06-25	       0	       0	       0	       0	       0	       0	0
2021-06-26	       0	       0	       0	       0	       0	       0	0
2021-06-27	       0	       0	       0	       0	       0	       0	0
2021-06-28	       0	       0	       0	       0	       0	       0	0
2021-06-29	       0	       0	       0	       0	       0	       0	0
2021-06-30	       0	       0	       0	       0	       0	       0	0
