Date	Daily Cases 	Daily Tests 	Test Positivity Rate
2020-04-01	32	572	5.59
2020-04-02	141	499	28.26
2020-04-03	93	153	60.78
2020-04-04	59	421	14.01
2020-04-05	58	2873	2.02
2020-04-06	22	1897	1.16
2020-04-07	51	577	8.84
2020-04-08	93	291	31.96
2020-04-09	51	636	8.02
2020-04-10	183	1093	16.74
2020-04-11	166	648	25.62
2020-04-12	85	2327	3.65
2020-04-13	356	996	35.74
2020-04-14	51	1250	4.08
2020-04-15	17	323	5.26
2020-04-16	62	2179	2.85
2020-04-17	67	2625	2.55
2020-04-18	186	874	21.28
2020-04-19	110	2104	5.23
2020-04-20	78	1513	5.16
2020-04-21	75	727	10.32
2020-04-22	92	1682	5.47
2020-04-23	128	2251	5.69
2020-04-24	138	3112	4.43
2020-04-25	111	1847	6.01
2020-04-26	293	2094	13.99
2020-04-27	190	2298	8.27
2020-04-28	206	3459	5.96
2020-04-29	125	3855	3.24
2020-04-30	76	6925	1.10
2020-05-01	223	2793	7.98
2020-05-02	384	1267	30.31
2020-05-03	427	2036	20.97
2020-05-04	349	3862	9.04
2020-05-05	206	3744	5.50
2020-05-06	428	4082	10.49
2020-05-07	448	5300	8.45
2020-05-08	338	4133	8.18
2020-05-09	224	2859	7.83
2020-05-10	381	9584	3.98
2020-05-11	310	3868	8.01
2020-05-12	406	8431	4.82
2020-05-13	359	7236	4.96
2020-05-14	472	6391	7.39
2020-05-15	425	5453	7.79
2020-05-16	438	5656	7.74
2020-05-17	422	4946	8.53
2020-05-18	299	3936	7.60
2020-05-19	500	6127	8.16
2020-05-20	534	4428	12.06
2020-05-21	571	4103	13.92
2020-05-22	660	5870	11.24
2020-05-23	591	4792	12.33
2020-05-24	508	4826	10.53
2020-05-25	635	4596	13.82
2020-05-26	412	4110	10.02
2020-05-27	792	5783	13.70
2020-05-28	1024	7615	13.45
2020-05-29	1106	7649	14.46
2020-05-30	1163	7113	16.35
2020-05-31	1295	6045	21.42
2020-06-01	990	4753	20.83
2020-06-02	1298	6070	21.38
2020-06-03	1513	6538	23.14
2020-06-04	1359	6361	21.36
2020-06-05	1330	5187	25.64
2020-06-06	1320	5180	25.48
2020-06-07	1282	5042	25.43
2020-06-08	1007	3700	27.22
2020-06-09	1366	5464	25.00
2020-06-10	1501	5077	29.56
2020-06-11	1877	5360	35.02
2020-06-12	2137	5947	35.93
2020-06-13	2134	5776	36.95
2020-06-14	2224	7353	30.25
2020-06-15	1647	6105	26.98
2020-06-16	1859	7786	23.88
2020-06-17	2414	8093	29.83
2020-06-18	2877	8726	32.97
2020-06-19	3137	13074	23.99
2020-06-20	3630	17533	20.70
2020-06-21	3000	18105	16.57
2020-06-22	2909	14682	19.81
2020-06-23	3947	16952	23.28
2020-06-24	3788	19059	19.88
2020-06-25	3390	17305	19.59
2020-06-26	3460	21144	16.36
2020-06-27	2948	19180	15.37
2020-06-28	2889	20080	14.39
2020-06-29	2084	16157	12.90
2020-06-30	2199	17179	12.80
2020-07-01	2442	19956	12.24
2020-07-02	2373	20822	11.40
2020-07-03	2520	24165	10.43
2020-07-04	2505	23673	10.58
2020-07-05	2244	23136	9.70
2020-07-06	1379	13879	9.94
2020-07-07	2008	22448	8.95
2020-07-08	2033	22028	9.23
2020-07-09	2187	22289	9.81
2020-07-10	2089	22961	9.10
2020-07-11	1781	21508	8.28
2020-07-12	1573	21236	7.41
2020-07-13	1246	12171	10.24
2020-07-14	1606	21063	7.62
2020-07-15	1647	22528	7.31
2020-07-16	1652	20225	8.17
2020-07-17	1462	20464	7.14
2020-07-18	1475	21658	6.81
2020-07-19	1211	20206	5.99
2020-07-20	954	11470	8.32
2020-07-21	1349	20852	6.47
2020-07-22	1227	20060	6.12
2020-07-23	1041	18226	5.71
2020-07-24	1025	19138	5.36
2020-07-25	1142	20509	5.57
2020-07-26	1075	17533	6.13
2020-07-27	613	11506	5.33
2020-07-28	1056	18544	5.69
2020-07-29	1035	17392	5.95
2020-07-30	1093	19475	5.61
2020-07-31	1195	19091	6.26
2020-08-01	1118	18154	6.16
2020-08-02	961	12730	7.55
2020-08-03	805	10133	7.94
2020-08-04	674	9295	7.25
2020-08-05	1076	16785	6.41
2020-08-06	1299	20436	6.36
2020-08-07	1192	23385	5.10
2020-08-08	1404	24592	5.71
2020-08-09	1300	23787	5.47
2020-08-10	707	12323	5.74
2020-08-11	1257	19440	6.47
2020-08-12	1113	18894	5.89
2020-08-13	956	15356	6.23
2020-08-14	1192	15045	7.92
2020-08-15	1276	18271	6.98
2020-08-16	652	10709	6.09
2020-08-17	787	14988	5.25
2020-08-18	1374	20266	6.78
2020-08-19	1398	20815	6.72
2020-08-20	1215	17004	7.15
2020-08-21	1250	17735	7.05
2020-08-22	1412	19435	7.27
2020-08-23	1450	18731	7.74
2020-08-24	1061	11910	8.91
2020-08-25	1544	19841	7.78
2020-08-26	1693	19816	8.54
2020-08-27	1840	21061	8.74
2020-08-28	1808	22933	7.88
2020-08-29	1954	22004	8.88
2020-08-30	2024	20437	9.90
2020-08-31	1358	14389	9.44
2020-09-01	2312	24198	9.55
2020-09-02	2509	28835	8.70
2020-09-03	2737	32834	8.34
2020-09-04	2914	36219	8.05
2020-09-05	2973	38895	7.64
2020-09-06	3256	36046	9.03
2020-09-07	2077	22954	9.05
2020-09-08	3609	45797	7.88
2020-09-09	4039	54517	7.41
2020-09-10	4308	58340	7.38
2020-09-11	4266	60580	7.04
2020-09-12	4321	60076	7.19
2020-09-13	4235	56656	7.47
2020-09-14	3229	44884	7.19
2020-09-15	4263	62669	6.80
2020-09-16	4473	62593	7.15
2020-09-17	4432	60014	7.38
2020-09-18	4127	61037	6.76
2020-09-19	4071	61973	6.57
2020-09-20	3812	52405	7.27
2020-09-21	2548	33733	7.55
2020-09-22	3816	59013	6.47
2020-09-23	3714	59580	6.23
2020-09-24	3834	59183	6.48
2020-09-25	3827	59134	6.47
2020-09-26	3372	57688	5.85
2020-09-27	3292	51416	6.40
2020-09-28	1984	36302	5.47
2020-09-29	3227	59102	5.46
2020-09-30	3390	59807	5.67
2020-10-01	3037	55423	5.48
2020-10-02	2920	56258	5.19
2020-10-03	2258	39306	5.74
2020-10-04	2683	50832	5.28
2020-10-05	1947	35593	5.47
2020-10-06	2676	53591	4.99
2020-10-07	2871	51505	5.57
2020-10-08	2726	53322	5.11
2020-10-09	2860	49135	5.82
2020-10-10	2866	49736	5.76
2020-10-11	2780	48753	5.70
2020-10-12	1849	35947	5.14
2020-10-13	3036	54957	5.52
2020-10-14	3324	56950	5.84
2020-10-15	3483	55891	6.23
2020-10-16	3428	58145	5.90
2020-10-17	3259	55715	5.85
2020-10-18	3299	49414	6.68
2020-10-19	2154	36445	5.91
2020-10-20	3579	56593	6.32
2020-10-21	3686	59064	6.24
2020-10-22	3882	58770	6.61
2020-10-23	4086	58568	6.98
2020-10-24	4116	55461	7.42
2020-10-25	4136	49069	8.43
2020-10-26	2832	34411	8.23
2020-10-27	4853	57210	8.48
2020-10-28	5673	60571	9.37
2020-10-29	5739	60124	9.55
2020-10-30	5891	59641	9.88
2020-10-31	5062	44330	11.42
2020-11-01	5664	44623	12.69
2020-11-02	4001	36665	10.91
2020-11-03	6725	59540	11.29
2020-11-04	6842	58910	11.61
2020-11-05	6715	52294	12.84
2020-11-06	7178	58860	12.20
2020-11-07	6953	57433	12.11
2020-11-08	7745	50754	15.26
2020-11-09	5023	39115	12.84
2020-11-10	7830	59035	13.26
2020-11-11	8593	64121	13.40
2020-11-12	7053	60229	11.71
2020-11-13	7802	56553	13.80
2020-11-14	7340	49645	14.78
2020-11-15	3235	21098	15.33
2020-11-16	3797	29821	12.73
2020-11-17	6396	49031	13.04
2020-11-18	7486	62232	12.03
2020-11-19	7546	62437	12.09
2020-11-20	6608	62425	10.59
2020-11-21	5879	45562	12.90
2020-11-22	6746	54893	12.29
2020-11-23	4454	37307	11.94
2020-11-24	6224	61381	10.14
2020-11-25	5246	61778	8.49
2020-11-26	5475	63266	8.65
2020-11-27	5482	64455	8.51
2020-11-28	4998	69051	7.24
2020-11-29	4906	64186	7.64
2020-11-30	3726	50670	7.35
2020-12-01	4006	58456	6.85
2020-12-02	3944	78949	5.00
2020-12-03	3734	75230	4.96
2020-12-04	4067	85003	4.78
2020-12-05	3419	81473	4.20
2020-12-06	2706	73536	3.68
2020-12-07	1674	53207	3.15
2020-12-08	3188	75409	4.23
2020-12-09	2463	72079	3.42
2020-12-10	1575	64069	2.46
2020-12-11	2385	71679	3.33
2020-12-12	1935	73413	2.64
2020-12-13	1984	72335	2.74
2020-12-14	1376	63944	2.15
2020-12-15	1617	85105	1.90
2020-12-16	1547	79042	1.96
2020-12-17	1363	90354	1.51
2020-12-18	1418	88400	1.60
2020-12-19	1139	87330	1.30
2020-12-20	1091	83289	1.31
2020-12-21	803	62440	1.29
2020-12-22	939	82386	1.14
2020-12-23	871	87861	0.99
2020-12-24	1063	89920	1.18
2020-12-25	758	85749	0.88
2020-12-26	655	67115	0.98
2020-12-27	757	75210	1.01
2020-12-28	564	57463	0.98
2020-12-29	703	84889	0.83
2020-12-30	677	84680	0.80
2020-12-31	574	81750	0.70
2021-01-01	585	80565	0.73
2021-01-02	494	67364	0.73
2021-01-03	424	68759	0.62
2021-01-04	384	50288	0.76
2021-01-05	442	79777	0.55
2021-01-06	654	74650	0.88
2021-01-07	486	77522	0.63
2021-01-08	444	75724	0.59
2021-01-09	519	80275	0.65
2021-01-10	399	77600	0.51
2021-01-11	306	56390	0.54
2021-01-12	386	75913	0.51
2021-01-13	357	70745	0.50
2021-01-14	340	71325	0.48
2021-01-15	295	66921	0.44
2021-01-16	299	71957	0.42
2021-01-17	246	67463	0.36
2021-01-18	161	50523	0.32
2021-01-19	231	72441	0.32
2021-01-20	228	63161	0.36
2021-01-21	227	81550	0.28
2021-01-22	266	71850	0.37
2021-01-23	197	76868	0.26
2021-01-24	185	62307	0.30
2021-01-25	148	48450	0.31
2021-01-26	157	64973	0.24
2021-01-27	96	29855	0.32
2021-01-28	199	57993	0.34
2021-01-29	249	58725	0.42
2021-01-30	183	68967	0.27
2021-01-31	140	60695	0.23
2021-02-01	121	43712	0.28
2021-02-02	114	58598	0.19
2021-02-03	150	56658	0.26
2021-02-04	158	67234	0.24
2021-02-05	154	59964	0.26
2021-02-06	123	63322	0.19
2021-02-07	119	54247	0.22
2021-02-08	125	55390	0.23
2021-02-09	100	56410	0.18
2021-02-10	127	66803	0.19
2021-02-11	142	64328	0.22
2021-02-12	141	63022	0.22
2021-02-13	126	60876	0.21
2021-02-14	150	56902	0.26
2021-02-15	141	39065	0.36
2021-02-16	94	56944	0.17
2021-02-17	134	59886	0.22
2021-02-18	130	60441	0.22
2021-02-19	158	60836	0.26
2021-02-20	152	62063	0.24
2021-02-21	145	63813	0.23
2021-02-22	128	42242	0.30
2021-02-23	145	58327	0.25
2021-02-24	200	56168	0.36
2021-02-25	220	63998	0.34
2021-02-26	256	62768	0.41
2021-02-27	243	67484	0.36
2021-02-28	197	57772	0.34
2021-03-01	175	39733	0.44
2021-03-02	217	66624	0.33
2021-03-03	240	68831	0.35
2021-03-04	261	66432	0.39
2021-03-05	312	59122	0.53
2021-03-06	321	53062	0.60
2021-03-07	286	91614	0.31
2021-03-08	239	47689	0.50
2021-03-09	320	66744	0.48
2021-03-10	370	71153	0.52
2021-03-11	409	69810	0.59
2021-03-12	431	72031	0.60
2021-03-13	419	74326	0.56
2021-03-14	407	68223	0.60
2021-03-15	368	62272	0.59
2021-03-16	425	70049	0.61
2021-03-17	536	80856	0.66
2021-03-18	607	80253	0.76
2021-03-19	716	77352	0.93
2021-03-20	813	75888	1.07
2021-03-21	823	79714	1.03
2021-03-22	888	67418	1.32
2021-03-23	1101	84237	1.31
2021-03-24	1254	82331	1.52
2021-03-25	1515	89836	1.69
2021-03-26	1534	85092	1.80
2021-03-27	1558	91703	1.70
2021-03-28	1881	79936	2.35
2021-03-29	1904	68805	2.77
2021-03-30	992	36757	2.70
2021-03-31	1819	67070	2.71
2021-04-01	2790	78073	3.57
2021-04-02	3594	87505	4.11
2021-04-03	3567	79617	4.48
2021-04-04	4033	86899	4.64
2021-04-05	3548	64003	5.54
2021-04-06	5100	103453	4.93
2021-04-07	5506	90201	6.10
2021-04-08	7437	91770	8.10
2021-04-09	8521	109398	7.79
2021-04-10	7897	77374	10.21
2021-04-11	10774	114288	9.43
2021-04-12	11491	92397	12.44
2021-04-13	13468	102460	13.14
2021-04-14	17282	108534	15.92
2021-04-15	16699	82569	20.22
2021-04-16	19486	98957	19.69
2021-04-17	24375	99230	24.56
2021-04-18	25462	85620	29.74
2021-04-19	23686	90696	26.12
2021-04-20	28395	86526	32.82
2021-04-21	24638	78768	31.28
2021-04-22	26169	72208	36.24
2021-04-23	24331	75037	32.43
2021-04-24	24103	74702	32.27
2021-04-25	22933	75912	30.21
2021-04-26	20201	57690	35.02
2021-04-27	24149	73811	32.72
2021-04-28	25986	81829	31.76
2021-04-29	24235	73851	32.82
2021-04-30	27047	82745	32.69
2021-05-01	25219	79780	31.61
2021-05-02	20394	71997	28.33
2021-05-03	18043	61045	29.56
2021-05-04	19953	74654	26.73
2021-05-05	20960	79491	26.37
2021-05-06	19133	78780	24.29
2021-05-07	19832	79593	24.92
2021-05-08	17364	74384	23.34
2021-05-09	13336	61552	21.67
2021-05-10	12651	66234	19.10
2021-05-11	12481	70276	17.76
2021-05-12	13287	78035	17.03
2021-05-13	10489	73675	14.24
2021-05-14	8506	68575	12.40
2021-05-15	6430	56811	11.32
2021-05-16	6456	62059	10.40
2021-05-17	4524	53756	8.42
2021-05-18	4482	65004	6.89
2021-05-19	3846	66573	5.78
2021-05-20	3231	58744	5.50
2021-05-21	3009	63190	4.76
2021-05-22	2260	63155	3.58
2021-05-23	1649	68043	2.42
2021-05-24	1550	61506	2.52
2021-05-25	1568	73406	2.14
2021-05-26	1491	77103	1.93
2021-05-27	1072	70068	1.53
2021-05-28	1141	71853	1.59
2021-05-29	956	80473	1.19
2021-05-30	946	75440	1.25
2021-05-31	648	65240	0.99
2021-06-01	623	70813	0.88
2021-06-02	576	73451	0.78
2021-06-03	487	80046	0.61
2021-06-04	523	77174	0.68
2021-06-05	414	77694	0.53
2021-06-06	381	76857	0.50
2021-06-07	231	63610	0.36
2021-06-08	316	71879	0.44
2021-06-09	337	73241	0.46
2021-06-10	305	75133	0.41
2021-06-11	238	77112	0.31
2021-06-12	213	71513	0.30
2021-06-13	255	72751	0.35
2021-06-14	131	59556	0.22
2021-06-15	228	71291	0.32
2021-06-16	212	77891	0.27
2021-06-17	158	77542	0.20
2021-06-18	165	76480	0.22
2021-06-19	135	75687	0.18
2021-06-20	124	72670	0.17
2021-06-21	89	57128	0.16
2021-06-22	134	67916	0.20
2021-06-23	111	76185	0.15
2021-06-24	109	77382	0.14
2021-06-25	115	77477	0.15
2021-06-26	85	72920	0.12
2021-06-27	89	74198	0.12
2021-06-28	59	58895	0.10
2021-06-29	101	66397	0.15
2021-06-30	94	79935	0.12
