Month	Sample Size	CT <= 20	Fraction of CT<20	Standard error of proportions	Mean Ct	SD Ct	SEM Ct
Jul 20	2303	193	0.08	0.01	28.83	5.31	0.11
Aug 20	3332	426	0.13	0.01	27.42	5.59	0.10
Sep 20	4552	518	0.11	0.00	28.10	5.49	0.08
Oct 20	3666	395	0.11	0.01	28.21	5.38	0.09
Nov 20	4555	413	0.09	0.00	28.13	5.15	0.08
Dec 20	1281	71	0.06	0.01	29.24	4.85	0.14
Jan 21	239	15	0.06	0.02	28.54	4.99	0.32
Feb 21	61	7	0.11	0.04	28.28	5.63	0.72
Mar 21	897	117	0.13	0.01	26.83	5.34	0.18
Apr 21	9431	1920	0.20	0.00	25.37	5.57	0.06
May 21	3968	492	0.12	0.01	27.65	5.52	0.09
Jun 21	168	9	0.05	0.02	29.93	4.90	0.38
