Month	Sample Size	CT <= 20	Fraction of CT<20	Standard error of proportions	Mean Ct	SD Ct	SEM Ct
Jul 20	3238	218	0.07	0.00	29.58	4.94	0.09
Aug 20	4146	472	0.11	0.00	28.04	5.44	0.08
Sep 20	5578	542	0.10	0.00	28.55	5.15	0.07
Oct 20	4319	446	0.10	0.00	28.03	5.06	0.08
Nov 20	5259	482	0.09	0.00	27.90	4.92	0.07
Dec 20	1641	85	0.05	0.01	29.33	4.52	0.11
Jan 21	326	18	0.06	0.01	29.31	4.78	0.26
Feb 21	88	9	0.10	0.03	29.38	5.23	0.56
Mar 21	976	125	0.13	0.01	26.75	5.11	0.16
Apr 21	10008	2068	0.21	0.00	25.25	5.44	0.05
May 21	4751	548	0.12	0.00	27.92	5.39	0.08
Jun 21	272	12	0.04	0.01	30.58	4.33	0.26
