Date	New Cases	DeltaPer	Daily Tests 	Test Positivity Rate	Active Cases 	Hospitalized	ICU	Daily Deaths
2021-01-01	585	0	80565	0.007261218	5358	2072	907	21
2021-01-02	494	0	67364	0.007333294	5342	2005	853	14
2021-01-03	424	0	68759	0.006166465	5044	1942	804	14
2021-01-04	384	0	50288	0.007636017	4689	1805	766	12
2021-01-05	442	33.33333333	79777	0.005540444	4562	1770	776	12
2021-01-06	654	0	74650	0.008760884	4481	1705	741	16
2021-01-07	486	0	77522	0.006269188	4168	1610	723	19
2021-01-08	444	0	75724	0.005863399	3779	1471	683	10
2021-01-09	519	0	80275	0.006465276	3683	1457	707	12
2021-01-10	399	0	77600	0.005141753	3468	1438	684	12
2021-01-11	306	0	56390	0.005426494	3354	1508	696	13
2021-01-12	386	0	75913	0.005084768	3179	1354	666	16
2021-01-13	357	0	70745	0.005046293	2991	1235	593	11
2021-01-14	340	0	71325	0.004766912	2937	1233	579	4
2021-01-15	295	0	66921	0.004408183	2795	1171	552	10
2021-01-16	299	0	71957	0.004155259	2691	1109	516	6
2021-01-17	246	0	67463	0.003646443	2544	1101	525	8
2021-01-18	161	0	50523	0.003186667	2335	1055	504	8
2021-01-19	231	0	72441	0.003188802	2334	1041	476	10
2021-01-20	228	0	63161	0.003609823	2147	968	448	10
2021-01-21	227	0	81550	0.002783568	2120	1004	452	8
2021-01-22	266	0	71850	0.003702157	2060	943	398	7
2021-01-23	197	0	76868	0.002562835	1880	854	368	10
2021-01-24	185	0	62307	0.002969169	1741	787	359	9
2021-01-25	148	0	48450	0.003054696	1694	797	367	5
2021-01-26	157	0	64973	0.002416388	1626	746	352	7
2021-01-27	96	0	29855	0.003215542	1501	721	356	9
2021-01-28	199	0	57993	0.003431449	1575	711	337	6
2021-01-29	249	0	58725	0.004240102	1551	702	326	6
2021-01-30	183	0	68967	0.002653443	1436	693	324	8
2021-01-31	140	0	60695	0.002306615	1361	657	306	4
2021-02-01	121	0	43712	0.002768119	1265	624	292	3
2021-02-02	114	0	58598	0.001945459	1217	621	285	2
2021-02-03	150	0	56658	0.002647464	1208	599	262	6
2021-02-04	158	0	67234	0.002350001	1194	621	255	7
2021-02-05	154	0	59964	0.002568208	1206	581	243	2
2021-02-06	123	0	63322	0.001942453	1174	562	233	4
2021-02-07	119	0	54247	0.00219367	1112	511	222	2
2021-02-08	125	0	55390	0.002256725	1096	510	216	3
2021-02-09	100	0	56410	0.001772735	1052	496	215	0
2021-02-10	127	0	66803	0.001901112	1046	481	220	2
2021-02-11	142	0	64328	0.002207437	1051	484	204	2
2021-02-12	141	0	63022	0.002237314	1053	481	211	3
2021-02-13	126	0	60876	0.002069781	1041	468	194	0
2021-02-14	150	0	56902	0.002636111	1031	452	198	2
2021-02-15	141	0	39065	0.003609369	1036	465	220	2
2021-02-16	94	0	56944	0.001650745	1019	470	211	1
2021-02-17	134	0	59886	0.002237585	1078	468	204	0
2021-02-18	130	0	60441	0.002150858	1053	454	193	2
2021-02-19	158	0	60836	0.002597146	1053	431	192	1
2021-02-20	152	0	62063	0.002449124	1025	407	183	1
2021-02-21	145	0	63813	0.002272264	1071	422	177	2
2021-02-22	128	0	42242	0.00303016	1041	405	172	1
2021-02-23	145	0	58327	0.002485984	1054	405	181	2
2021-02-24	200	0	56168	0.003560746	1137	437	166	2
2021-02-25	220	0	63998	0.003437607	1169	412	167	0
2021-02-26	256	0	62768	0.004078511	1231	400	186	1
2021-02-27	243	0	67484	0.003600854	1307	436	183	3
2021-02-28	197	0	57772	0.003409956	1335	446	181	1
2021-03-01	175	0	39733	0.004404399	1404	489	187	1
2021-03-02	217	0	66624	0.003257085	1543	544	218	0
2021-03-03	240	0	68831	0.003486801	1584	513	210	3
2021-03-04	261	6.976744186	66432	0.003928829	1701	565	214	1
2021-03-05	312	3.846153846	59122	0.005277223	1779	599	223	3
2021-03-06	321	3.703703704	53062	0.006049527	1779	573	223	1
2021-03-07	286	4.761904762	91614	0.003121794	1803	574	231	2
2021-03-08	239	0	47689	0.005011638	1730	539	221	3
2021-03-09	320	0	66744	0.004794438	1812	536	245	4
2021-03-10	370	0	71153	0.005200062	1900	544	249	3
2021-03-11	409	0	69810	0.005858759	2020	579	250	3
2021-03-12	431	0	72031	0.005983535	2093	564	254	2
2021-03-13	419	0	74326	0.005637327	2207	582	245	3
2021-03-14	407	0	68223	0.00596573	2262	582	259	2
2021-03-15	368	0	62272	0.005909558	2321	607	273	3
2021-03-16	425	0	70049	0.006067182	2488	659	293	1
2021-03-17	536	3.846153846	80856	0.006629069	2702	725	323	3
2021-03-18	607	2.43902439	80253	0.00756358	2924	794	344	1
2021-03-19	716	1.694915254	77352	0.009256386	3165	820	345	4
2021-03-20	813	2.941176471	75888	0.010713156	3409	868	358	2
2021-03-21	823	6.52173913	79714	0.01032441	3618	892	367	1
2021-03-22	888	9.615384615	67418	0.013171557	3934	967	390	7
2021-03-23	1101	9.638554217	84237	0.013070266	4411	980	398	4
2021-03-24	1254	0.970873786	82331	0.015231201	4890	1063	432	6
2021-03-25	1515	6.666666667	89836	0.016864063	5497	1094	463	5
2021-03-26	1534	4.347826087	85092	0.018027547	6051	1187	498	9
2021-03-27	1558	4.081632653	91703	0.01698963	6625	1338	528	10
2021-03-28	1881	13.04347826	79936	0.023531325	7545	1398	535	9
2021-03-29	1904	12.5	68805	0.027672408	8032	1468	565	6
2021-03-30	992	10.25641026	36757	0.026988057	7429	1584	626	4
2021-03-31	1819	14.49275362	67070	0.027120918	8838	1799	689	11
2021-04-01	2790	32.55813953	78073	0.035735786	10498	1971	747	9
2021-04-02	3594	45.28301887	87505	0.041071939	11994	2255	808	14
2021-04-03	3567	43.90243902	79617	0.04480199	12647	2441	890	10
2021-04-04	4033	56.52173913	86899	0.0464102	13982	2727	963	21
2021-04-05	3548	46.55172414	64003	0.055434901	14589	2975	1102	15
2021-04-06	5100	38.59649123	103453	0.049297749	17332	3266	1238	17
2021-04-07	5506	50.56179775	90201	0.061041452	19455	3763	1402	20
2021-04-08	7437	50	91770	0.081039555	23181	4212	1574	24
2021-04-09	8521	47.91666667	109398	0.077889907	26631	4732	1679	39
2021-04-10	7897	27.95698925	77374	0.102062708	28773	5398	1916	39
2021-04-11	10774	58.69565217	114288	0.094270615	34341	6216	2148	48
2021-04-12	11491	52.38095238	92397	0.12436551	38095	6940	2320	72
2021-04-13	13468	55.55555556	102460	0.131446418	43510	7731	2504	81
2021-04-14	17282	66.66666667	108534	0.159231209	50736	8870	2850	104
2021-04-15	16699	59.45945946	82569	0.202242973	54309	10134	3205	112
2021-04-16	19486	66.66666667	98957	0.196913811	61005	11268	3399	141
2021-04-17	24375	66.66666667	99230	0.245641439	69799	12699	3632	167
2021-04-18	25462	65.51724138	85620	0.297383789	74941	13887	4035	161
2021-04-19	23686	62.79069767	90696	0.261158155	76887	15215	4106	240
2021-04-20	28395	57.14285714	86526	0.328167256	85575	16418	4395	277
2021-04-21	24638	61.11111111	78768	0.312791997	85364	17327	4585	249
2021-04-22	26169	80	72208	0.362411367	91618	18154	4641	306
2021-04-23	24331	87.87878788	75037	0.324253368	92029	18546	4646	348
2021-04-24	24103	74.07407407	74702	0.322655351	93080	18063	4569	357
2021-04-25	22933	61.53846154	75912	0.3020998	94592	18754	4633	350
2021-04-26	20201	70.96774194	57690	0.350164673	92358	18831	4672	380
2021-04-27	24149	82.75862069	73811	0.327173457	98264	18841	4718	381
2021-04-28	25986	80.76923077	81829	0.317564678	99752	19243	4744	368
2021-04-29	24235	72.54901961	73851	0.328160756	97977	19524	4858	395
2021-04-30	27047	68.42105263	82745	0.326871714	99361	19739	4928	375
2021-05-01	25219	50	79780	0.316106794	96747	19932	4980	412
2021-05-02	20394	50	71997	0.283261803	92290	20136	5095	407
2021-05-03	18043	75	61045	0.295568843	89592	20142	5135	448
2021-05-04	19953	90.90909091	74654	0.26727302	90419	19855	5134	338
2021-05-05	20960	85.71428571	79491	0.263677649	91859	20010	5185	311
2021-05-06	19133	100	78780	0.24286621	90629	20117	5307	335
2021-05-07	19832	0	79593	0.24916764	91035	19922	5534	341
2021-05-08	17364	50	74384	0.233437298	87907	19838	5587	332
2021-05-09	13336	100	61552	0.216662334	86232	19912	5632	273
2021-05-10	12651	75	66234	0.19100462	85258	19438	5751	319
2021-05-11	12481	66.66666667	70276	0.17759975	83809	19063	5777	347
2021-05-12	13287	100	78035	0.170269751	82725	18733	5763	300
2021-05-13	10489	100	73675	0.14236851	77717	18211	5790	308
2021-05-14	8506	100	68575	0.124039373	71794	17511	5789	289
2021-05-15	6430	100	56811	0.113182306	66295	16795	5752	337
2021-05-16	6456	100	62059	0.104030036	62783	16249	5731	262
2021-05-17	4524	100	53756	0.084158047	56049	15542	5726	340
2021-05-18	4482	0	65004	0.068949603	50863	14399	5610	265
2021-05-19	3846	100	66573	0.057771168	45047	13368	5499	235
2021-05-20	3231	0	58744	0.055001362	40214	12462	5330	233
2021-05-21	3009	100	63190	0.047618294	35683	11388	5120	252
2021-05-22	2260	0	63155	0.035784973	31308	10501	4934	182
2021-05-23	1649	100	68043	0.024234675	27610	9660	4746	189
2021-05-24	1550	50	61506	0.025200793	24578	8791	4426	207
2021-05-25	1568	0	73406	0.021360652	21739	7872	4095	156
2021-05-26	1491	0	77103	0.019337769	19148	7228	3975	130
2021-05-27	1072	100	70068	0.015299423	16378	6743	3700	117
2021-05-28	1141	0	71853	0.015879643	14581	6037	3378	139
2021-05-29	956	0	80473	0.011879761	13035	5501	3158	122
2021-05-30	946	0	75440	0.012539767	12100	5091	2884	78
2021-05-31	648	100	65240	0.009932557	11040	4784	2798	86
2021-06-01	623	90	70813	0.00879782	10178	4405	2665	62
2021-06-02	576	92.85714286	73451	0.007841963	9364	4012	2443	103
2021-06-03	487	68.18181818	80046	0.006084002	8748	3795	2279	45
2021-06-04	523	57.14285714	77174	0.006776894	8060	3469	2091	50
2021-06-05	414	83.33333333	77694	0.005328597	6731	3214	1905	60
2021-06-06	381	80	76857	0.004957258	5889	2936	1815	34
2021-06-07	231	100	63610	0.003631504	5208	2803	1679	36
2021-06-08	316	87.5	71879	0.004396277	4962	2613	1502	41
2021-06-09	337	100	73241	0.004601248	4511	2399	1367	36
2021-06-10	305	100	75133	0.004059468	4212	2320	1333	44
2021-06-11	238	100	77112	0.00308642	3922	2235	1303	24
2021-06-12	213	0	71513	0.002978479	3610	2071	1189	28
2021-06-13	255	0	72751	0.003505106	3466	1972	1122	23
2021-06-14	131	100	59556	0.00219961	3226	1936	1112	16
2021-06-15	228	75	71291	0.00319816	3078	1819	993	12
2021-06-16	212	50	77891	0.002721752	2749	1637	918	25
2021-06-17	158	100	77542	0.002037605	2554	1561	878	10
2021-06-18	165	50	76480	0.002157427	2445	1486	812	14
2021-06-19	135	100	75687	0.001783662	2372	1479	808	7
2021-06-20	124	100	72670	0.001706344	2091	1281	736	7
2021-06-21	89	0	57128	0.001557905	1996	1258	717	11
2021-06-22	134	0	67916	0.001973026	1918	1219	688	8
2021-06-23	111	0	76185	0.00145698	1797	1139	667	7
2021-06-24	109	60	77382	0.001408596	1767	1111	625	8
2021-06-25	115	66.66666667	77477	0.001484311	1680	1044	599	4
2021-06-26	85	0	72920	0.001165661	1598	1008	573	9
2021-06-27	89	100	74198	0.001199493	1568	989	539	4
2021-06-28	59	0	58895	0.001001783	1553	1015	539	2
2021-06-29	101	75	66397	0.001521153	1531	961	524	4
2021-06-30	94	50	79935	0.001175955	1379	943	515	6
